function x = plotdata

x = [0.0020         0
    1.0020         0
    1.0020   -1.0000
    0.0020   -1.0000
    0.1020         0
    0.2020         0
    0.3020         0
    0.4020         0
    0.5020         0
    0.6020         0
    0.7020         0
    0.8020         0
    0.9020         0
    1.0020   -0.1000
    1.0020   -0.2000
    1.0020   -0.3000
    1.0020   -0.4000
    1.0020   -0.5000
    1.0020   -0.6000
    1.0020   -0.7000
    1.0020   -0.8000
    1.0020   -0.9000
    0.9020   -1.0000
    0.8020   -1.0000
    0.7020   -1.0000
    0.6020   -1.0000
    0.5020   -1.0000
    0.4020   -1.0000
    0.3020   -1.0000
    0.2020   -1.0000
    0.1020   -1.0000
    0.0020   -0.9000
    0.0020   -0.8000
    0.0020   -0.7000
    0.0020   -0.6000
    0.0020   -0.5000
    0.0020   -0.4000
    0.0020   -0.3000
    0.0020   -0.2000
    0.0020   -0.1000
    0.5105   -0.4782
    0.9586   -0.0482
    0.0666   -0.0633
    0.0454   -0.9523
    0.9540   -0.9557
    0.2844   -0.2997
    0.7268   -0.3257
    0.2822   -0.6541
    0.6364   -0.7412
    0.8462   -0.0899
    0.9195   -0.8408
    0.1573   -0.9136
    0.5249   -0.2329
    0.7733   -0.5626
    0.4891   -0.6849
    0.1932   -0.4604
    0.3181   -0.8236
    0.1875   -0.1717
    0.1547   -0.7494
    0.8555   -0.2638
    0.7305   -0.8539
    0.9279   -0.7482
    0.7494   -0.0854
    0.4827   -0.8363
    0.3762   -0.1748
    0.3481   -0.4430
    0.1528   -0.3137
    0.6196   -0.5845
    0.8404   -0.4350
    0.5880   -0.3489
    0.1377   -0.6012
    0.6195   -0.1489
    0.7881   -0.7353
    0.8732   -0.6318
    0.6515   -0.9054
    0.3491   -0.7191
    0.7912   -0.1843
    0.0828   -0.1421
    0.2566   -0.9141
    0.9028   -0.1760
    0.1020   -0.8302
    0.8245   -0.8867
    0.3932   -0.5869
    0.4545   -0.3450
    0.6723   -0.4683
    0.6386   -0.2486
    0.4926   -0.0983
    0.5777   -0.8217
    0.2914   -0.1184
    0.7098   -0.6149
    0.5273   -0.6109
    0.1133   -0.4044
    0.8958   -0.5065
    0.3546   -0.9195
    0.2349   -0.5635
    0.2684   -0.3902
    0.9113   -0.3483
    0.2063   -0.8283
    0.0946   -0.2437
    0.1443   -0.0748
    0.1042   -0.6820
    0.8506   -0.7867
    0.2154   -0.2622
    0.0773   -0.5431
    0.4092   -0.7868
    0.4477   -0.9213
    0.6568   -0.0790
    0.1938   -0.6648
    0.7196   -0.7754
    0.7420   -0.9292
    0.8615   -0.7013
    0.9322   -0.6601
    0.9102   -0.9226
    0.0756   -0.9092
    0.9285   -0.0928
    0.4368   -0.2632
    0.5438   -0.9141
    0.5467   -0.7451
    0.7597   -0.4880
    0.7057   -0.2429
    0.2840   -0.2141
    0.2504   -0.7398
    0.8106   -0.3424
    0.5979   -0.5055
    0.6962   -0.1576
    0.3736   -0.0781
    0.3301   -0.5276
    0.3679   -0.3453
    0.9306   -0.4381
    0.5160   -0.3884
    0.4148   -0.5017
    0.1898   -0.3792
    0.7963   -0.6450
    0.4401   -0.0587
    0.4789   -0.7612
    0.9350   -0.2578
    0.0729   -0.7522
    0.6524   -0.6613
    0.6975   -0.5406
    0.0729   -0.3322
    0.5699   -0.0810
    0.1197   -0.4805
    0.6633   -0.3812
    0.5863   -0.2769
    0.3500   -0.6435
    0.6631   -0.8194
    0.4584   -0.6205
    0.5452   -0.1583
    0.0628   -0.4655
    0.2254   -0.0728
    0.7173   -0.6954
    0.4022   -0.8576
    0.9259   -0.5787
    0.0646   -0.6252
    0.9589   -0.1423
    0.0453   -0.8598
    0.8596   -0.9523
    0.1625   -0.2475
    0.8486   -0.5731
    0.7826   -0.8076
    0.4677   -0.1743
    0.4349   -0.4171
    0.2221   -0.3287
    0.3497   -0.2593
    0.8242   -0.5132
    0.2747   -0.4768
    0.3176   -0.5950
    0.5177   -0.3097
    0.1524   -0.5296
    0.7462   -0.4072
    0.5947   -0.2120
    0.6520   -0.3047
    0.6516   -0.2026
    0.5914   -0.4288
    0.6471   -0.5248
    0.5458   -0.5473
    0.5785   -0.6712
    0.4745   -0.5575
    0.7787   -0.2723
    0.4105   -0.6629
    0.4269   -0.7230
    0.5212   -0.7910
    0.4301   -0.1169
    0.0520         0
    0.1520         0
    0.2520         0
    0.3520         0
    0.4520         0
    0.5520         0
    0.6520         0
    0.7520         0
    0.8520         0
    0.9520         0
    1.0020   -0.0500
    1.0020   -0.1500
    1.0020   -0.2500
    1.0020   -0.3500
    1.0020   -0.4500
    1.0020   -0.5500
    1.0020   -0.6500
    1.0020   -0.7500
    1.0020   -0.8500
    1.0020   -0.9500
    0.9520   -1.0000
    0.8520   -1.0000
    0.7520   -1.0000
    0.6520   -1.0000
    0.5520   -1.0000
    0.4520   -1.0000
    0.3520   -1.0000
    0.2520   -1.0000
    0.1520   -1.0000
    0.0520   -1.0000
    0.0020   -0.9500
    0.0020   -0.8500
    0.0020   -0.7500
    0.0020   -0.6500
    0.0020   -0.5500
    0.0020   -0.4500
    0.0020   -0.3500
    0.0020   -0.2500
    0.0020   -0.1500
    0.0020   -0.0500
    0.9803   -0.0241
    0.9303   -0.0241
    0.9803   -0.0741
    0.0343   -0.0317
    0.0843   -0.0317
    0.0343   -0.0817
    0.0237   -0.9761
    0.0737   -0.9761
    0.0237   -0.9261
    0.9780   -0.9778
    0.9780   -0.9278
    0.9280   -0.9778
    0.8241   -0.0449
    0.8741   -0.0449
    0.9607   -0.8204
    0.9607   -0.8704
    0.1796   -0.9568
    0.1296   -0.9568
    0.9649   -0.7241
    0.9649   -0.7741
    0.9237   -0.7945
    0.7257   -0.0427
    0.7757   -0.0427
    0.7978   -0.0876
    0.6767   -0.9527
    0.6267   -0.9527
    0.6910   -0.8796
    0.3157   -0.6866
    0.3336   -0.7713
    0.8187   -0.1371
    0.8234   -0.2241
    0.7703   -0.1349
    0.0424   -0.1711
    0.0424   -0.1211
    0.0747   -0.1027
    0.1351   -0.1569
    0.2793   -0.9571
    0.2293   -0.9571
    0.2070   -0.9139
    0.2873   -0.8689
    0.9524   -0.1880
    0.8745   -0.1330
    0.8792   -0.2199
    0.8470   -0.1802
    0.0520   -0.8151
    0.1296   -0.8719
    0.1284   -0.7898
    0.8132   -0.9433
    0.8720   -0.8637
    0.7775   -0.8703
    0.4973   -0.0492
    0.6071   -0.7815
    0.5302   -0.8290
    0.6146   -0.8636
    0.2967   -0.0592
    0.2394   -0.1450
    0.3338   -0.1466
    0.7415   -0.5887
    0.6647   -0.5997
    0.5082   -0.6479
    0.5735   -0.5977
    0.0576   -0.4022
    0.1532   -0.4324
    0.1330   -0.3590
    0.9489   -0.5032
    0.8681   -0.4708
    0.3783   -0.9597
    0.3283   -0.9597
    0.3363   -0.8715
    0.3056   -0.9168
    0.2586   -0.6088
    0.2141   -0.5120
    0.1863   -0.5823
    0.2764   -0.3449
    0.2308   -0.4253
    0.3083   -0.4166
    0.9566   -0.3242
    0.9566   -0.3742
    0.8834   -0.3061
    0.8759   -0.3917
    0.1818   -0.8709
    0.2622   -0.8260
    0.1805   -0.7888
    0.2315   -0.8712
    0.1541   -0.8293
    0.0483   -0.2718
    0.0483   -0.2218
    0.1410   -0.2077
    0.1237   -0.2787
    0.0887   -0.1929
    0.1231   -0.0374
    0.1731   -0.0374
    0.1054   -0.0691
    0.1659   -0.1233
    0.1135   -0.1085
    0.0531   -0.6910
    0.1295   -0.7157
    0.1209   -0.6416
    0.8850   -0.8137
    0.8893   -0.7675
    0.8193   -0.7610
    0.8376   -0.8367
    0.2499   -0.2809
    0.2014   -0.2169
    0.1841   -0.2879
    0.0396   -0.5715
    0.0396   -0.5215
    0.1075   -0.5721
    0.3636   -0.8052
    0.4459   -0.8116
    0.3792   -0.7530
    0.4748   -0.9606
    0.4248   -0.9606
    0.4652   -0.8788
    0.4012   -0.9204
    0.6294   -0.0395
    0.6794   -0.0395
    0.7031   -0.0822
    0.6381   -0.1140
    0.2380   -0.6595
    0.1743   -0.7071
    0.1658   -0.6330
    0.2144   -0.6142
    0.1490   -0.6734
    0.6780   -0.7583
    0.7251   -0.8146
    0.7539   -0.7553
    0.7720   -0.9646
    0.7220   -0.9646
    0.7362   -0.8915
    0.6967   -0.9173
    0.7833   -0.9079
    0.8947   -0.7248
    0.8248   -0.7183
    0.8673   -0.6666
    0.8561   -0.7440
    0.9671   -0.6301
    0.9671   -0.6801
    0.9300   -0.7042
    0.9027   -0.6460
    0.8968   -0.6807
    0.9561   -0.9113
    0.9061   -0.9613
    0.9321   -0.9391
    0.9148   -0.8817
    0.8673   -0.9046
    0.0888   -0.9546
    0.0388   -0.9046
    0.0605   -0.9307
    0.1165   -0.9114
    0.0888   -0.8697
    0.9152   -0.0464
    0.9652   -0.0964
    0.9436   -0.0705
    0.8874   -0.0914
    0.9157   -0.1344
