function [interior, boundary] = trainingdata

interior = [0.0020         0
    1.0020         0
    1.0020   -1.0000
    0.0020   -1.0000
    0.1020         0
    0.2020         0
    0.3020         0
    0.4020         0
    0.5020         0
    0.6020         0
    0.7020         0
    0.8020         0
    0.9020         0
    1.0020   -0.1000
    1.0020   -0.2000
    1.0020   -0.3000
    1.0020   -0.4000
    1.0020   -0.5000
    1.0020   -0.6000
    1.0020   -0.7000
    1.0020   -0.8000
    1.0020   -0.9000
    0.9020   -1.0000
    0.8020   -1.0000
    0.7020   -1.0000
    0.6020   -1.0000
    0.5020   -1.0000
    0.4020   -1.0000
    0.3020   -1.0000
    0.2020   -1.0000
    0.1020   -1.0000
    0.0020   -0.9000
    0.0020   -0.8000
    0.0020   -0.7000
    0.0020   -0.6000
    0.0020   -0.5000
    0.0020   -0.4000
    0.0020   -0.3000
    0.0020   -0.2000
    0.0020   -0.1000
    0.5105   -0.4782
    0.9586   -0.0482
    0.0666   -0.0633
    0.0454   -0.9523
    0.9540   -0.9557
    0.2844   -0.2997
    0.7268   -0.3257
    0.2822   -0.6541
    0.6364   -0.7412
    0.8462   -0.0899
    0.9195   -0.8408
    0.1573   -0.9136
    0.5249   -0.2329
    0.7733   -0.5626
    0.4891   -0.6849
    0.1932   -0.4604
    0.3181   -0.8236
    0.1875   -0.1717
    0.1547   -0.7494
    0.8555   -0.2638
    0.7305   -0.8539
    0.9279   -0.7482
    0.7494   -0.0854
    0.4827   -0.8363
    0.3762   -0.1748
    0.3481   -0.4430
    0.1528   -0.3137
    0.6196   -0.5845
    0.8404   -0.4350
    0.5880   -0.3489
    0.1377   -0.6012
    0.6195   -0.1489
    0.7881   -0.7353
    0.8732   -0.6318
    0.6515   -0.9054
    0.3491   -0.7191
    0.7912   -0.1843
    0.0828   -0.1421
    0.2566   -0.9141
    0.9028   -0.1760
    0.1020   -0.8302
    0.8245   -0.8867
    0.3932   -0.5869
    0.4545   -0.3450
    0.6723   -0.4683
    0.6386   -0.2486
    0.4926   -0.0983
    0.5777   -0.8217
    0.2914   -0.1184
    0.7098   -0.6149
    0.5273   -0.6109
    0.1133   -0.4044
    0.8958   -0.5065
    0.3546   -0.9195
    0.2349   -0.5635
    0.2684   -0.3902
    0.9113   -0.3483
    0.2063   -0.8283
    0.0946   -0.2437
    0.1443   -0.0748
    0.1042   -0.6820
    0.8506   -0.7867
    0.2154   -0.2622
    0.0773   -0.5431
    0.4092   -0.7868
    0.4477   -0.9213
    0.6568   -0.0790
    0.1938   -0.6648
    0.7196   -0.7754
    0.7420   -0.9292
    0.8615   -0.7013
    0.9322   -0.6601
    0.9102   -0.9226
    0.0756   -0.9092
    0.9285   -0.0928
    0.4368   -0.2632
    0.5438   -0.9141
    0.5467   -0.7451
    0.7597   -0.4880
    0.7057   -0.2429
    0.2840   -0.2141
    0.2504   -0.7398
    0.8106   -0.3424
    0.5979   -0.5055
    0.6962   -0.1576
    0.3736   -0.0781
    0.3301   -0.5276
    0.3679   -0.3453
    0.9306   -0.4381
    0.5160   -0.3884
    0.4148   -0.5017
    0.1898   -0.3792
    0.7963   -0.6450
    0.4401   -0.0587
    0.4789   -0.7612
    0.9350   -0.2578
    0.0729   -0.7522
    0.6524   -0.6613
    0.6975   -0.5406
    0.0729   -0.3322
    0.5699   -0.0810
    0.1197   -0.4805
    0.6633   -0.3812
    0.5863   -0.2769
    0.3500   -0.6435
    0.6631   -0.8194
    0.4584   -0.6205
    0.5452   -0.1583
    0.0628   -0.4655
    0.2254   -0.0728
    0.7173   -0.6954
    0.4022   -0.8576
    0.9259   -0.5787
    0.0646   -0.6252
    0.9589   -0.1423
    0.0453   -0.8598
    0.8596   -0.9523
    0.1625   -0.2475
    0.8486   -0.5731
    0.7826   -0.8076
    0.4677   -0.1743
    0.4349   -0.4171
    0.2221   -0.3287
    0.3497   -0.2593
    0.8242   -0.5132
    0.2747   -0.4768
    0.3176   -0.5950
    0.5177   -0.3097
    0.1524   -0.5296
    0.7462   -0.4072
    0.5947   -0.2120
    0.6520   -0.3047
    0.6516   -0.2026
    0.5914   -0.4288
    0.6471   -0.5248
    0.5458   -0.5473
    0.5785   -0.6712
    0.4745   -0.5575
    0.7787   -0.2723
    0.4105   -0.6629
    0.4269   -0.7230
    0.5212   -0.7910
    0.4301   -0.1169];

boundary = interior(1:40, :);

end